ι 886
414. (1. 20) 421. (11. 1) 421. (11. 4) 421. (11, 12) ’

518. (11. 15) 421. (11. 15) 422. (11.17) 454. (11. 20) 5
425· (111. 11) 410. (111. 16) 424. (111. 18) 424.

(111. 19) 424. (IV. 5) 424. (Ν. 8) 518. (Ν. 24) =
461. (lv. 28) 425. (v. 2) 426. (11. 9) 426. (v. 10) *
426. (11.12) 427. (V. 15) 427. (V. 14) 429. (11.15) >

450. (v. 18) 450. (11. 27) 450. (11. 55) 450. (11. 58)
451. (V. 59) 451. (V1. 11) 520, 522. (111. 18) 451.
(111. 19) 451. (VI. 21) 451. (vl. 27) 451. (111. 28)
451. (111. 29) 451.

Liber 111. (1. 2) 451. (1. 9) 432. (1. 11) 454. (1. 12)

455. (1. 15) 455. (1. 20) 455. ,(1. 25) 522. (Ι. 26) ι

455. (1. 27) 455. (1. 50) 456. (1. 52) 456. (1. 54)
456. (1. 42) 457. (1. 45) 457. (11. 1) 440. (11. 5)

440. (11. 4) 441. (11. 7) 441. (11. 8) 442. (11. 10) «

442. (11. 11) 442. (11. 12) 442. (11. 15) 442. (11.
16) 442. (11.17)445. (11. 19) 444. (11. 25) 445.
(11. 52) 446. (111. 2) 446. (111. 7) 446. (111. 12) 449.
(111. 16) 449. (Ν. 5) 422. (111. 5) 449. (111. 8) 449.
(111. 9) 449. (111. 15) 554. (lv. 21) 450. (Ν. 22)
410. (Ν. 25) 546. (Ν. 25) 450. (Ν. 25) 450. (Ν.
50) 450. (Ν. 52) 450. (Ν. 41) 450. (Ν. 49) 450.
(11.2) 450. (11. 5) 450. (v, 15) 451. (V. 17) 452.
(v. 18) 452.

Liber Ν. (1. 14) 452. (1. 27) 452. (11. 4) 455. (11. 8)
455. (11.9) 454. (11. 12) 455. (11. 15) 454. (11. 16)
454. (11.17) 454. (11. 20) 454. (11. 21) 452. (111. 7)
454. (111. 26) 454. (111. 52) 455. (111. 11) 455, 522.
(Ν. 15) 455. (Ν. 17) 455. (Ν. 21) 455, 456. (Ν.
27) 455, 456. (v. 12) 522. (11. 14) 456. (v. 15)
406. (V. 55) 457. (v. 56) 457. (111. 10) 458. (vl.
15) 407, 458. (111. 18) 458. (111. 22) 458. (111. 25)
458. (1111. 5) 459. (vll. 4) 459. (vn. 6) 459. (1111.
8) 459. (1111. 11) 455. (1111. 15) 459. (1111. 22) 459.
(1111. 27) 459. (11111. 12) 459. (11111. 19) 414. (11111.
25) 459, 460. (11111. 27) 460.

Liber v. (1. 5) 461. (1. 9) 461. (1. 10) 461. (11. 11)

 

