889

515. (11. 10) 515. (11. 11) 515, 557. (Η. 15) 515.
(11. 14) 557. (11. 50) 105. (11. 51) 515. (11. 51)
515. (111. 1) 551. (111. 5) 515. (111. 8) 541. (17.1)
557. (lv, 6) 517. (lv, 8) 515. (IV. 12) 514, 557.
(lv, 15) 557. (v. 2) 509. (v, 4) 557. (V. 5) 102. ’
(11.6) 529. (v, 7) 557. (v, 9) 558. (V. ιο) 555.·
(v. 14) 555. (V. 16) 559. (V. 25) 553.

Liber 1v. (1. 5) 559. (1. 6) 575. (1. 54) 526. (1. 55)
504. (1. 56) 504. (1. 57) 504. (1. 58) 504. (Η. 50)
559. (111. 1) 555. (111. 8) 514. (111. 51) 558. (lv.
2) 517. (lv, 6) 514, 559. (lv. 10) 559. (lv, 15)
540. (lv. 19) 559. (V. 4) 540. (v. 5) 514. (V. 8)
579. (v, 10) 540. (V. 15) 100. (v. 16) 514. (ΠΗ.
5) 586. (ΠΗ. 4) 559, 564. (ΠΗ. 5) 546. (ΠΗ. 58)
555.

Liber v. (1. 2) 91, 514. (1. 14) 241. (1. 57) 547. (1.
55) 551. (11. 2) 105. (11. 4) 514. (11. 5) 585 sqq.
11. 8) 514.. (11. 17) 564. (Η. 54) 555, 556. (11. 51)
546. (11. 45) 525. (111. 7) 515, 365. (111. 10) 353.
(111. 12) 315. (111. 13) 365. (111. 19) 315. (111. 51)
315. (lv, 1) 319. (lv, 10) 329. (lv, 17) 367. (lv.
30) 367. (lv. 33) 315. (IV. 37) 315. (1V. 39) 367.
(lv. 43) 262. (IV. 48) 340. (lv. 49) 340. (lv. 55)
315. (lv. 60) 315. (lv. 66) 353. ·

Liber Π. (1. 1) 367. (1. 3) 368. (1. 5) 316. (1. 9)
340. (1. 11) 367. (1. 13) 340. (1. 15) 340. (Η. 11)
314. (11. 15) 545. (11. 50) 340. (11. 51) 368. (11.
54) 340. (11. 36) 316.· (11. 39) 340. (111. 5) 340.·

(111. 6) 340. (111. 8) 340, 341. (111. 10) 356. (111. -

18) 541. (17. 5) 568. (lv, 6) 585. (lv, 8) 516.
(Π. 15) 516. (IV. 16) 569. (lv. 25) 516. (IV. 27)
570. (w. 23) 516. (lv. 29.) 516. (IV. 57) 517.
(v, 6) 570. (v. 12) 317. (v. 15) 586, 517. (v. 19)
546. (v. 20) 541. (v. 55) 553, 329. (V. 24) 341.
(V. 26) 371. (v, 33) 341. (ν. 35) 315, 371. (v.36)
315. 371. (v. 37) 317. (ν. 45) 317. (ν. 43) 371.
(v. 48) 550. (ν. 48) 517.

