887

461. (ιι. 24) 461. (11. 51) 458. (ιιι. 5) 461. (ιιι.
12) 461. (ιν. 12) 461. (ιν. 15) 462. (lv. 17) 522.
(lv. 18) 462. (lv. 19) 462. (w. 21) 482. (lv. 22)
462. (lv. 26) 521. (lv. 29) 170, 462. (lv. 51) 9,,
462. (lv. 52) 465. (ν. 7) 525. (v. 22) 465. (ν1. 4)
465. (vl. 5) 465. (vl. 9) 465. (νι. 11) 464. (vl.
12) 464. (vl. 20) 464. (vl. 25) 464. (νι. 27) 464.
(v1. 29) 464. (vl. 50) 465. (vl. 51) 465. (vl. 52)
465. (vl. 56) 465. (vn. 5) 250, 470. (vn. 6) 470,
525. (vn. 9) 470. (νιι. 10) 470. (vn. 15) 470.
(vn. 18) 470. (vn. 19) 471. (vn. 29) 471. (vn.
50) 471. (vn. 51) 262, 471. (vn. 52) 471. (111155)
471. (vn. 54) 471. (vlu. 4) 471. (v111. 7) 472.
(v111. 21) 472. (vul. 22) 472. (vm. 24) 472.

Liber v1. (ι. 5) 472. (1. 5) 475. (ι. 6) 475. (ι. 10)
475. (ι. 11) 475, 474. (ι. 17) 525. (1 24) 474.
(ι. 27) 474. (1. 52) 474. (ιι. 1) 474. (11.2) 474.
(11. 10) 474, 475. (11. 15) 475 (111. 2) 475. (111. 6)
422. (111. 12) 475. (111. 16) 475. (111. 19) 475.
(111. 22) 475, 526. (111. 25) 91. (111. 24) 476. (111.
25) 476. (v1. 2) 476. (ιν. 5) 476. (lv. 8) 476.
(lv. 9) 454, 477. (ιν. 12) 476. (vl. 18) 476. (lv.
22) 476. (ιν. 24) 476. (ιν. 26) 476. (v. 2) 478.
(V. 15) 485. (v. 17) 405, 485. (v. 24) 485. (v. 25)
422. (vl. 5) 484. (vl. 5) 485. (vl. 9) 465. (vl. 10)
485. (vl. 15) 485. (vl. 14) 465. (vl. 15) 465. (vl.
18) 485, 526. (vl. 22) 485. (vl. 24) 485. (vl. 25)
526. (vl. 54) 486. (vl. 58) 486.

Liber v11. (1. 4) 486. (1. 6) 486. (1. 8) 486. (1. 10)
486. (1. 11) 486. (1. 14) 486. (1. 20) 469. (1. 22)
469. (1. 24) 469. (ι. 27) 469. (ι. 26) 469. (1. 29)
466. (1. 55) 488. (1. 57) 489. (1. 41) 469. (ιι. 5)
469. (11. 25) 490. (ιιι. 10) 490. (ιιι. 14) 490. (111.
24) 490. (ιιι. 27) 490. (111. 55) 491. (ιιι. 44) 491.
(1v. 1) 491. (ιν. 5) 491. (ιν. 5) 492. (ιν. 15) 492.
(ιν. 16) 495. (ιν. 17) 526. (ιν. 26) 250. (V. 2)
495, 498. (v. 6) 498. (v, 8) 454. (v, 15) 496,

