885

(117) 466. (119) 559. (120) 566, 425. (127) 566.
(155) 251.

liber V. (cap. 2) 581. (5) 581. (15) 694. (18) 521,
585, 767. (21) 578. (22) 566. (25) 585. (50) 566.
(44) 525. (66) 755. (116) 477.

liber vl. (cap. 20) 694. (24) 566. (42) 566, 406. (55)
67. (61) 67. (62) 158. (66) 482. (76) 79.

liber vll. (cap. 7) 67. (21) 566. (28) 149. (74) 67.

liber vln. (cap. 5) 559, 565. (6) 559. (15) 575. (25)
699. (51) 547. (45) 270. (47) 547. (62) 559. (75)
566, 406. (79) 425.

Tumens 21.

Tauranus 50.

Tragici incerti 154, 260, 542 , 543, 591.
Τῖιιτηυε 342.

Xssmncnus 16, 104.

Xnaomos.

Ἀγησίλαος 255.

Ἀθηναίων πολιτεία 584 , 758-755,

'Anniam-14.

Liberl. (cap. 1. §1) 685. (1. 2,)599 400. (1. 6) 416.
(1. 7) 399. (1. 8) 400. (Ι. 9) 407. (ΙΙ. 9) 407. (ΙΙ.
22)512. (11. 26) 408. (11. 27) 408. (111. 7) 406, 408.
(ΙΙΙ. 11) 514. (ΙΙΙ. 14) 408. (ΙΙΙ. 15) 408. (ΙΙΙ. 18)
408. (ΙΙΙ. 19) 406. (ΙΙΙ. 20) 408. (Ν. 2) 408. (Ν.
5) 409. (Ν. )4) 517. (Ν. 7) 409. (lv. 8) 409. (lv,
9) 409. (Ν. 12) 409. (Ν. 15) 409. (Ν. 14) 409.
(lv, 16) 410. (ιν. 17) 410. (ν. 2) 410, 412, 416.
(v. 9) 412. (V. 10) 415. (V. 16) 415. (ν. 17) 415.
(vl. 10) 415. (vl. 11) 414. (vn. 5) 414. (v11. 4)
414. (vn. 5) 224, 405, 414. (vu. 9) 415. (vn. 15)
416. (vll. 18) 416. (vul. 5) 416. (vlu. 6) 416.
(vill. 15) 416. (vul. 18) 417. (vul. 22) 417. (vlu.
26) 418. (vm. 27) 418. (vlu. 28) 418. (IX. 14)
418. (ΙΧ. 15) 418. (ΙΧ. 29) 419. (Χ. 1) 419. (Χ.
2) 420.

Liber ΙΙ. (Ι. 2) 457. (Ι. 11) 420. (Ι. 15) 420. (Ι. 15)

