881

Ἀρεεπαγιτικός (33) 466. (43) 269 , 643. (44) 351.
περὶ Εἰρήνης (5) 363. (46) 566.
Εὐαγόρας (6) 107, 310. (30) 555. (33) 526. (44) 615.
Βούσιρις (5) 528. (49) 262.
Παναθηναΐκές (50) 262. (70) 120. (262) 437.
κατὰ. τῶν Σοφιςῶν (5) 438.
περὶ Ἀντιδόσεως (175) 752. (311) 364.
τραπεζιτικός (21) 336.
&ms-ozai (Vll. 11) 364.
luamus 116, 117, 118 , 190, 332, 334, 555, 579, 779.
Lexicon Rheloricum Ρηοτιο subiectum 282.
Luvms 68 , 185.
Louenws περὶ ὕψους 611 , 645.
Lucanus 613.
chuncus 65, 338 , 348 , 439, 557 , 567 , 583 , 628, 642.
Lvsus,
(ι 22) 517. (11. 7) 106. (11. 21) 164. (11. 26) 519.
(11. 28) 164. (11. 45) 521. (111. 24) 560. (111. 27)
622. (111. 55) 176. (111. 58) 561. , (lv. 7) 124. (lv.
15) 567. (v1.4) 781. (vl. 51) 577. (11158) 561.
(vn. 21) 125. (Χ. 20) 7. (ΧΠ. 15) 551. (XII. 19)
164. (ΧΠ. 72) 627. (ΧΠ. 77) 202. (Xlll. 6) 164·
(ΧΙΙΙ. 15) 164. (xm. 25) 577. (xvl.15) 167. (xvi..-
20).)61500. ‹XV111.1) 552. (XV111.11)655. (XVIII.
15) 561. (ΧΙΧ. 51) 555. (ΧΧ. 1) 629. (ΧΧ. 2) 276.
(ΧΧ. 12) 562. (ΧΧ11.5) 557. (ΧΧΠ. 7) 562. (XXIV.
1) 465. (xxlv. 8) 554. (XXIV. 26) 202. (XXIV. 27)
202. (XXV. 27) 551. (xxvlwu 4) 554. (xxvl11.6)
226. (ΧΧΙΧ. 9) 561. (xxix. 11) 561. (ΧΧΧ. 7) 622.
(XXX. 20) 557. (XXX. 52) 555. (XXXI. 22) 270.
(ΧΧΧῙ 54) 509. (xxxl. 58) 175.
Fraqmenla 56, 52, 65, 104 , 158, 665.
Mae-,camenam liber 11. 81.
Multus 'l'vmus 631. ·
Memnona 22, 24, 30, 32, 36, 39, 40, 41-94, 621, 695,
738.
Mamaea Rhetor 677 , 756.

