880

0414an 285 , 284 , 569 , 782.
HsscATAEUs Mlmsms 780.

Haemon 141.

HELlonORUs 705.

HERODOTUS (Ι. 47) 277. (Ι. 56) 237. (Ι. 65) 718. (I. 80)
134. (Ι. 194) 203. (Ι. 202) 66. (Ι. 214) 66. (ΙΙ. 106)
161. (II. 121) 627. (ΙΙ. 148) 162. (ΙΙΙ. 14) 198.
(ΙΙΙ. 27) 307. (ΙΙΙ. 37) 97. (ΙΙΙ. 38) 97. (ΙΙΙ. 74) 66.
(ΙΙΙ. 155) 97. (IV. 12) 444. (IV. 79) 97. (IV. 125)
66. (IV. 127) 66. (IV. 141) 521. (IV. 148) 238.
(IV. 157) 68. (V. 25) 492. (V. 27) 79. (V. 106) 50.
(VI. 55) 414. (VI. 56) 481. (VI. 57) 720. (VI. 85)
339. (VI. 124) 501. (VII. 9) 97. (VII. 15) 66, 312,
627. (VII. 29) 463. (VII, 59) 476. (VII. 102) 66.
(VII. 103) 66. (VII. 104) 66. (VII. 140) 444. (VII.
145) 320. (VII. 154) 443. (VII. 169) 115. (VII. 209)
66. (VIII. 143) 659. (ΙΧ. 58) 319. (IX. 78) 568.
(IX. 91) 641.

ΗΕΒοΒοΤι (Psssuno-) vita ΗοΜΕΒΙ 30.

HESchus 81, 82, 98, 117, 128, 148, 159, 160, 167,
170, 176, 179, 180, 195 , 240, 242 , 251 , 255 , 279 ,
281, 282, 285, 598, 415, 428, 469, 472, 475, 479,

7,, 486, 506, 582, 592, 605 ,·622, 700, 751, 745, 792.
Hmponmus STonAm 145 , 602.

Hmnocus Φιλόγελως 8.

ΗοΜΕῑωε 169, 204, 218 , 252 , 592.

HYPEnmsss κατὰ Δημοσθένους 745.

IAMssmcnus de vita Pythagorae 559.

Inscriptiones Graecae 260 , 558 , 569.

ISAEUS 155 , 253 , 255 , 557, 469, 514, 576, 604, 617,
629, 658, 751.

IsocRA‘rEs
πρὸς Δημόνικον (12) 362.
πρὸς Νικοκλέα (5) 533. (8) 363. (45) 154. (52) 320.
Πωνηγυρικός (11) 136. (96) 120. (97) 359.
Φίλιππος (40) 363. (64) 753.
Ἀρχίδαμος (5) 351. (66) 127. (74) 642. (80) 628.
(87) 439.

