885

Epinomis 691.

Euthydemus 56, 68, 163.

Goryias 521, 629.

Hippias Maior 623 , 641 , 646, 647.

Io 641.

Leqes 88, 109 , 231, 233 , 250, 377, 433 , 639.

Lysis 221, 278, 618, 641.

Meno 620 , 670.

Phaedo 102, 108, 111, 212, 214, 250, 624, 641, 655.

Phaedrus 221 , 245, 279, 467.

Philebus 67 ‚ 109, 595 , 780.

Politicus 160, 519, 554, 584.

Protaqoras 520, 5963 615, 619, 621 , 625τ

Respublica 64, 165, 255, 245,4 566, 576, 578, 752, 777.

Symposium 108, 215, 221, 526, 471, 5οι, 502, 558,
582, 625.

Theaetetus 52, 147 , 151, 155, 277.

Theaqes 624.

Timaeus 587.

Pano Conncus 10, 116, 479, 482, 551.
Pmo poeta Epigrammatum 789.
ΡιΑυτυε 652.

Pantaenus,

Vitae 175, 175, 185 , 184, 191 , 221, 257, 245, 251,
428, 515, 592, 686, 715, 775.

Moralia 56, 57, 65, 86, 109, 110, 189,195, 228, 291,
554, 401, 402, 404, 491, 515, 514, 516, 517, 521,
645, 651 , 652, 655, 675, 700, 705, 708, 726, 774.

Pam-Annuus (pseudw) de vila {Ionam 484.
Pouocnus 617.

Ροιιυκ 104, 105, 156, 160, 691, 776.
Pomanus 8, 116, 479, 482, 551.
Pomanus 127 , 289.

Pomanus 145.

pommus περὶ ἀποχῆς 405.

Posmwvus 5, 27, 74, 90, 127.
Pnocomus 266.

