877

Amssmnus 171 , 507 , 475.

Amssmon 25.

ΒΑΒιυυε 60, 155.

Baro 125.

Βιοκ 199.

(humanans 109 , 405.

Gan-rmnus 522.

Gmnrron 572, 575 , 491, 559, 786.
Cmnno 68, 198, 199, 574, 641.

Cuneus Amxmnnmus 285, 284 , 545 , 428, 506.
Coum incerti 175, 524, 541 , 545, 515.
Curres Comcus 18 , 149, 150.

Cnusss Cvmcus 190.

Curuus 18, 27, 51 , 115, 146 sqq. 149.

’ Gnumus iunior 119.

Cnrro Stomun 178.

Duomus 24.

Dnmmus περὶ Ἑρμηνείοις 150 , 404 , 488, 510.

Ducem-rus 591, 612.

Dauomcus 2.

Dauos-muns
(pag. Steph. 14, 19) 519. (24, 20) 515. (25, 25) 650.
(54, 24) 596. (4ι, 22) 222. (45, 19) 645. (80, 26)
457. (84, 26) 175. (86, 9) 106. (95, 16) 65, 458.
(115, 15) 661. (115, 22) 258. (118, 26) 228. (124,
25) 228. (126, 27) 545. (128, 28) 694. (155, 25) 628.
(155, 5) 605. (158, 18) 228. (151, 25) 646. (162,
20) 642. (171, 19) 656. (178, 2) 226. (179, 8) 574.
(179,15) 600. (184,1) 75. (185, 9) 227. (192,12)
605. (200,17) 519. (200, 21) 457. (202,10 sqq.)
100. (206, 27) 60. (216,11) 705. (217, 4) 65, 458.
(256, 2) 515. (256, 8) 515. (257,10) 555. (264, 28)
574. (278, ιο) 60. (282, 17) 65. (285, 2) 65. (500,
21) 128. (500, 24) 585. (501, 15) 574. (527, 6) 519.
(529, 25) 228. (560 , 11) 511. (568, 8) 585. (571 ‚
18) 569. (572 , 25) 456. (582 , 7) 65. (582, 8) 458.
(597, ι2) 280. (407, ιι) 661. (421, 20) 640. (445,
2) 779. (447, 26) ι92. (449, ιι) 690. (450, 5) 659.

