878

(459, 9) 698. (465, 98) 245. (489, 15) 998. (499, 24)
628. (555,19)456. (556, 6) 64, 459. (559, 54) 107. ,ἰ
(554, 98) 698. (557, 97) 655. (558, 90) 456. (567, 9)
589. (568, 8) 79. (576, 1) 575. (585, 96) 550. (595, ,,
17) 456. (597,18) 228. (606, 4) 998. (614, 18) 599. {³4
(617, 6) 456. (654, 7) 515. (656, 19) 456. (661, 9)
65, 459. (668, 7) 280. (669, 9) 656. (672, 11) 642. 31
(675,12)609. (701, 28) 524. (727, 18) 245. (755, ’ἢ
9) 515. (757, 17) 456. (764, 15) 780. (770, 18) 979.
(771, 9) 619. (776, 7) 995. (789, 19) 557. (784, 19)
489. (787, 22) 596. (789, 95) 705. (790, 99) 985. ³
(799, 24) 957. (805, 15) 698. (807, 10) 595. (817, ..
1) 447. (856, 11) 645. (849, 96) 599. (910, 7) 589.
(958, 16) 652. (974, 21) 606. (977, 25) 609. (1046, ’
95) 998, 574. (1059, 96) 548, 609. (1069, 91) 595.
(1080. 9) 957. (1090, 95) 596. (1091, 5) 604. (1099,
17) 596. (1105, 90) 587. (1117, 95) 619. (1142, 28)
184. (1145,6) 998 (1146, 9) 565 (1159, 95) 565.
(1161,19) 556 (1161, 18) 960. (1167, 5) 555 (1178,
14) 751. (1179, 97) 605 (1198, 6) 684 (1904, 19)
557. (1906, 9) 585. (1910, 9) 551. (1220, 15) 556. ·
(1251, 11) 529. (1954, 9) 779. (1957,91) 751. (1959,
10) 585. (1999, 11) 589. (1505, 15) 545. (1505, 95)
686. (1510, 10) 552. (1514, 11) 589. (1517, 95) 175.
(1558, 10) 782. (1545, 12) 751. (1548, 6) 66. (1557,
8) 550. (1557, 98) 557. (1575, 6) 575. (1577, 4)
559. (1580, 16) 649. (1580, 95) 751. (1581, 95) 999.
(1590, 9) 998. (1455, 9) 527. (1445, 14) 604. (1454,
11) 259. (1458, 19) 685.

ΒΕΧιοΒΑΤΕε 704.

D1NARnflus 96, 119, 265, 547, 565, 585, 594, 604, 628, 751.

D10 CAssms 175, 469.

 

n
'¹.
1

G .
ξ,

D10 CHRYSOSTOMUS 484 ‚ 781.

DloDORUS Comcus 121. ἑ
1115551155 smums 124, 406, 425, 460, 461, 484, 489, 492, Ξ
505, 565 , 566, 672 , 732, 766.
Β10611Ν55 ΒΑόΒΤιυε 104, 257, 516, 542, 664, 669, 677. (ζ
0105181115 HALmARNASSENffls 74, 191, 226, 227, 252, 241 ,
1
’1

