 

INDEX Semnonum

QUORUM Locl TRACTANTUR. .

——Q—

Ammns Tums 578, 487.
Asamus 780.
Assscmuas 90.
in Timarchum 65, 90, 95, 221, 258, 259, 259,Ᾰ551,
459, 484.
de Falsa Leqatione 229, 574 , 469 , 474, 622, 626, 628,
640, 645.
in Ctesiphontem 97, 101, 105, 104, 114, 124, 229, 245,
271, 554, 551, 425, 456, 445, 455, 519, 521,
528, 582, 622, 755, 779, 790.
Αιωιηυε 86, 225 , 491.
Αωινιῐιιοκ 428.

Auem 727.
Annus 55, 54, 55, 56, 119, 120, 121 sqq.‚ 284, 551 ,

459, 561 , 610, 614.
Δινπιε 20, 52, 62, 77, 140, 685.
Anmnnmnns 19, 77, 107, 614.
Annus 625.

= Alcumenas Sronut 75.

Anunwus 125 , 180.

’ Annocmns ⁰14, 154, 202, 224, 509, 555, 587.

 

Axsscnon Banna: 162, 165, 170, 212, 511.

ΑκτΛττιειετΛ 624.

Ακτινιωεεε 6,11,12,14,15,16,19, 20, 21, 55, 75,
80, 108, 129 ειη, 419, 614.

