876

Am-mmm 7, 277, 557, 560, 566, 555, 622, 626, 646, ssi,
652, 699, 751. ’
ΑΡοιιουοΒυε Comcus 125 , 124.
ApouoNu Lexicon Homssmcum 405.
APOLLOPRANES 145.
ΑΡΡιΑΝυε 261.
ARARos 159.
Ancmppus 50, 141.
Ams'rnms 78, 552.
ΑιιιετοΜΕΝΕε 141.
Ams'mPnANEs ·, ‚²
Acharnenses 5, 2ο, 59, 80, 157, 197,,241, 259, 455,
559. >¹⁴
Aves 60, 61, 112, 116, 142,145, 177,162,191, 2ου,
208, 246, 247, 256, 524, 555, 411, 425, 586, 587, f ->
624, 659, 654, 664. “s
Ecclesiazusae 61, 215 , 550, 465. ¹.
Equites 57, 55, 155, 157, 242, 527, 411, 455, 604, 9
705. “
Lysistrata 27, 61, 145, 172, 220, 242, 525, 414, 428, ¹
440 , 705.
Nubes 59, 60, 209, 215, 217, 246, 255, 595, 521, 522,
606, 696.
Pam 51, 60, 106, 145, 145, 165, 204, 256, 525, 410,
655, 695.
Plutus 28, 208, 444.
Ranae 182, 191 , 225, 578.
leesmoplzoriazusae 61 , 112 , 215 , 216, 255, 256 , 525,
562, 645.
Vespae 17, 57, 60, 189, 209, 246, 255, 595, 659,
688, 788. .
Fraqmenla 5, 4,12,18,19, 26, 29, 59, 57, 119,
157, 165 sqq. 608.
AmsToPnon 118.
Ams'm'rssms 150, 527, 585, 625, 692, 729, 801. ’
ΑιιιεΤοΤΕιιε vita inedita 547.
Ammmnonus 499.
Anmmus 468.

 

